> w
1933024820482051
1933025480548051
1933104594459451
1933264934493451
1933269844984451
1933021514151451
1933055494549451
1933020184018451
1933299064906451
1933272644264451
1933294704470451
1933295265526551
1933028530853051
1933014722472251
1933263062306251
1933028792879251
1933292962296251
1933174372437251
1933018152815251
1933274062406251
1933298402840251
1933293120312051
1933027560756051
1933015640564051
1933279771977151
1933109899989951
1933290635163551
1933017975797551
1933298195819551
1933241875187551
1933084841484151
1933295201520151
1933135101510151
1933022721272151
1933272511251151
1933277631763151
1933294321432151
1933267404740451
1933263730373051
1933268545854551
1933264671467151
1933269886988651
1933016428642851
1933027341734151
1933297921792151
1933292111211151
1933299168916851
1933011838183851
1933270513051351
1933299203920351
1933065623562351
1933297543754351
1933241840184051
1933012310231051
1933299470947051
1933025280528051
1933295810581051
1933053179317951
1933270945194551
1933247785778551
1933295215521551
1933294895489551
1933065975597551
1933076475647551
1933295685568551
1933082345234551
1933260115111551
1933029049904951
1933292266226651
1933290036003651
1933106116611651
1933046106610651
1933296366636651
1933065646564651
1933264696469651
1933297416741651
1933291456145651
1933083289328951
1933017246724651
1933140826082651
1933263516351651
1933059626962651
1933299536953651
1933013776377651
1933020936093651
1933024036403651
1933013666366651
1933296829682951
1933298097809751
1933061037103751
1933279557955751
1933015607560751
1933262567256751
1933067717771751
1933025487548751
1933268337833751
1933015697569751
1933291280128051
1933290830083051
1933060840084051
1933109360936051
1933265490549051